<?xml version="1.0"?>
<opencv_storage>
<images>
data/20171120_111836.jpg
data/20171120_111849.jpg
</images>
</opencv_storage>